100
1
100
1000
100
1000
100
1000
100
1000
100
1000
100
1000
100
1000
100
1000
100
1000
100
1000
100
1000
100
1000
100
1000
100
1000
100
1000
100
1000
100
1000
100
1000
100
1000
100
1000
100
1000
100
1000
100
1000
100
1000
100
1000
100
1000
100
1000
100
1000
100
1000
100
1000
100
1000
100
1000
100
1000
100
1000
100
1000
100
1000
100
1000
100
1000
100
1000
100
1000
100
1000
100
1000
100
1000
100
1000
100
1000
100
1000
100
1000
100
1000
100
1000
100
1000
100
1000
100
1000
100
1000
100
1000
100
1000
100
1000
100
1000
100
1000
100
1000
100
1000
100
1000
100
1000
100
1000
100
1000
100
1000
100
1000
100
1000
100
1000
100
1000
100
1000
100
1000
100
1000
100
1000
100
1000
100
1000
100
1000
100
1000
100
1000
100
1000
100
1000
100
1000
100
1000
100
1000
100
1000
100
1000
100
1000
100
1000
100
1000
100
1000
100
1000
100
1000
100
1000
100
1000
100
1000
100
1000
100
1000
100
1000
100
1000
100
1000
100
1000
1000
out.txt
